,year,month,unemployment
0,2002,1,5.7
1,2002,2,5.7
2,2002,3,5.7
3,2002,4,5.9
4,2002,5,5.8
5,2002,6,5.8
6,2002,7,5.8
7,2002,8,5.7
8,2002,9,5.7
9,2002,10,5.7
10,2002,11,5.9
11,2002,12,6.0
12,2003,1,5.8
13,2003,2,5.9
14,2003,3,5.9
15,2003,4,6.0
16,2003,5,6.1
17,2003,6,6.3
18,2003,7,6.2
19,2003,8,6.1
20,2003,9,6.1
21,2003,10,6.0
22,2003,11,5.8
23,2003,12,5.7
24,2004,1,5.7
25,2004,2,5.6
26,2004,3,5.8
27,2004,4,5.6
28,2004,5,5.6
29,2004,6,5.6
30,2004,7,5.5
31,2004,8,5.4
32,2004,9,5.4
33,2004,10,5.5
34,2004,11,5.4
35,2004,12,5.4
36,2005,1,5.3
37,2005,2,5.4
38,2005,3,5.2
39,2005,4,5.2
40,2005,5,5.1
41,2005,6,5.0
42,2005,7,5.0
43,2005,8,4.9
44,2005,9,5.0
45,2005,10,5.0
46,2005,11,5.0
47,2005,12,4.9
48,2006,1,4.7
49,2006,2,4.8
50,2006,3,4.7
51,2006,4,4.7
52,2006,5,4.6
53,2006,6,4.6
54,2006,7,4.7
55,2006,8,4.7
56,2006,9,4.5
57,2006,10,4.4
58,2006,11,4.5
59,2006,12,4.4
60,2007,1,4.6
61,2007,2,4.5
62,2007,3,4.4
63,2007,4,4.5
64,2007,5,4.4
65,2007,6,4.6
66,2007,7,4.7
67,2007,8,4.6
68,2007,9,4.7
69,2007,10,4.7
70,2007,11,4.7
71,2007,12,5.0
72,2008,1,5.0
73,2008,2,4.9
74,2008,3,5.1
75,2008,4,5.0
76,2008,5,5.4
77,2008,6,5.6
78,2008,7,5.8
79,2008,8,6.1
80,2008,9,6.1
81,2008,10,6.5
82,2008,11,6.8
83,2008,12,7.3
84,2009,1,7.8
85,2009,2,8.3
86,2009,3,8.7
87,2009,4,9.0
88,2009,5,9.4
89,2009,6,9.5
90,2009,7,9.5
91,2009,8,9.6
92,2009,9,9.8
93,2009,10,10.0
94,2009,11,9.9
95,2009,12,9.9
96,2010,1,9.8
97,2010,2,9.8
98,2010,3,9.9
99,2010,4,9.9
100,2010,5,9.6
101,2010,6,9.4
102,2010,7,9.4
103,2010,8,9.5
104,2010,9,9.5
105,2010,10,9.4
106,2010,11,9.8
107,2010,12,9.3
108,2011,1,9.1
109,2011,2,9.0
110,2011,3,9.0
111,2011,4,9.1
112,2011,5,9.0
113,2011,6,9.1
114,2011,7,9.0
115,2011,8,9.0
116,2011,9,9.0
117,2011,10,8.8
118,2011,11,8.6
119,2011,12,8.5
120,2012,1,8.3
121,2012,2,8.3
122,2012,3,8.2
123,2012,4,8.2
124,2012,5,8.2
125,2012,6,8.2
126,2012,7,8.2
127,2012,8,8.1
128,2012,9,7.8
129,2012,10,7.8
130,2012,11,7.7
131,2012,12,7.9
132,2013,1,8.0
133,2013,2,7.7
134,2013,3,7.5
135,2013,4,7.6
136,2013,5,7.5
137,2013,6,7.5
138,2013,7,7.3
139,2013,8,7.2
140,2013,9,7.2
141,2013,10,7.2
142,2013,11,6.9
143,2013,12,6.7
144,2014,1,6.6
145,2014,2,6.7
146,2014,3,6.7
147,2014,4,6.2
148,2014,5,6.3
149,2014,6,6.1
150,2014,7,6.2
151,2014,8,6.1
152,2014,9,5.9
153,2014,10,5.7
154,2014,11,5.8
155,2014,12,5.6
156,2015,1,5.7
157,2015,2,5.5
158,2015,3,5.4
159,2015,4,5.4
160,2015,5,5.6
161,2015,6,5.3
162,2015,7,5.2
163,2015,8,5.1
164,2015,9,5.0
165,2015,10,5.0
166,2015,11,5.1
167,2015,12,5.0
168,2016,1,4.8
169,2016,2,4.9
170,2016,3,5.0
171,2016,4,5.1
172,2016,5,4.8
173,2016,6,4.9
174,2016,7,4.8
175,2016,8,4.9
176,2016,9,5.0
177,2016,10,4.9
178,2016,11,4.7
179,2016,12,4.7
180,2017,1,4.7
181,2017,2,4.6
182,2017,3,4.4
183,2017,4,4.4
184,2017,5,4.4
185,2017,6,4.3
186,2017,7,4.3
187,2017,8,4.4
188,2017,9,4.3
189,2017,10,4.2
190,2017,11,4.2
191,2017,12,4.1
