,year,month,inflation
0,2002,1,1.1
1,2002,2,1.1
2,2002,3,1.5
3,2002,4,1.6
4,2002,5,1.2
5,2002,6,1.1
6,2002,7,1.5
7,2002,8,1.8
8,2002,9,1.5
9,2002,10,2.0
10,2002,11,2.2
11,2002,12,2.4
12,2003,1,2.6
13,2003,2,3.0
14,2003,3,3.0
15,2003,4,2.2
16,2003,5,2.1
17,2003,6,2.1
18,2003,7,2.1
19,2003,8,2.2
20,2003,9,2.3
21,2003,10,2.0
22,2003,11,1.8
23,2003,12,1.9
24,2004,1,1.9
25,2004,2,1.7
26,2004,3,1.7
27,2004,4,2.3
28,2004,5,3.1
29,2004,6,3.3
30,2004,7,3.0
31,2004,8,2.7
32,2004,9,2.5
33,2004,10,3.2
34,2004,11,3.5
35,2004,12,3.3
36,2005,1,3.0
37,2005,2,3.0
38,2005,3,3.1
39,2005,4,3.5
40,2005,5,2.8
41,2005,6,2.5
42,2005,7,3.2
43,2005,8,3.6
44,2005,9,4.7
45,2005,10,4.3
46,2005,11,3.5
47,2005,12,3.4
48,2006,1,4.0
49,2006,2,3.6
50,2006,3,3.4
51,2006,4,3.5
52,2006,5,4.2
53,2006,6,4.3
54,2006,7,4.1
55,2006,8,3.8
56,2006,9,2.1
57,2006,10,1.3
58,2006,11,2.0
59,2006,12,2.5
60,2007,1,2.1
61,2007,2,2.4
62,2007,3,2.8
63,2007,4,2.6
64,2007,5,2.7
65,2007,6,2.7
66,2007,7,2.4
67,2007,8,2.0
68,2007,9,2.8
69,2007,10,3.5
70,2007,11,4.3
71,2007,12,4.1
72,2008,1,4.3
73,2008,2,4.0
74,2008,3,4.0
75,2008,4,3.9
76,2008,5,4.2
77,2008,6,5.0
78,2008,7,5.6
79,2008,8,5.4
80,2008,9,4.9
81,2008,10,3.7
82,2008,11,1.1
83,2008,12,0.1
84,2009,1,0.0
85,2009,2,0.2
86,2009,3,-0.4
87,2009,4,-0.7
88,2009,5,-1.3
89,2009,6,-1.4
90,2009,7,-2.1
91,2009,8,-1.5
92,2009,9,-1.3
93,2009,10,-0.2
94,2009,11,1.8
95,2009,12,2.7
96,2010,1,2.6
97,2010,2,2.1
98,2010,3,2.3
99,2010,4,2.2
100,2010,5,2.0
101,2010,6,1.1
102,2010,7,1.2
103,2010,8,1.1
104,2010,9,1.1
105,2010,10,1.2
106,2010,11,1.1
107,2010,12,1.5
108,2011,1,1.6
109,2011,2,2.1
110,2011,3,2.7
111,2011,4,3.2
112,2011,5,3.6
113,2011,6,3.6
114,2011,7,3.6
115,2011,8,3.8
116,2011,9,3.9
117,2011,10,3.5
118,2011,11,3.4
119,2011,12,3.0
120,2012,1,2.9
121,2012,2,2.9
122,2012,3,2.7
123,2012,4,2.3
124,2012,5,1.7
125,2012,6,1.7
126,2012,7,1.4
127,2012,8,1.7
128,2012,9,2.0
129,2012,10,2.2
130,2012,11,1.8
131,2012,12,1.7
132,2013,1,1.6
133,2013,2,2.0
134,2013,3,1.5
135,2013,4,1.1
136,2013,5,1.4
137,2013,6,1.8
138,2013,7,2.0
139,2013,8,1.5
140,2013,9,1.2
141,2013,10,1.0
142,2013,11,1.2
143,2013,12,1.5
144,2014,1,1.6
145,2014,2,1.1
146,2014,3,1.5
147,2014,4,2.0
148,2014,5,2.1
149,2014,6,2.1
150,2014,7,2.0
151,2014,8,1.7
152,2014,9,1.7
153,2014,10,1.7
154,2014,11,1.3
155,2014,12,0.8
156,2015,1,-0.1
157,2015,2,0.0
158,2015,3,-0.1
159,2015,4,-0.2
160,2015,5,0.0
161,2015,6,0.1
162,2015,7,0.2
163,2015,8,0.2
164,2015,9,0.0
165,2015,10,0.2
166,2015,11,0.5
167,2015,12,0.7
168,2016,1,1.4
169,2016,2,1.0
170,2016,3,0.9
171,2016,4,1.1
172,2016,5,1.0
173,2016,6,1.0
174,2016,7,0.8
175,2016,8,1.1
176,2016,9,1.5
177,2016,10,1.6
178,2016,11,1.7
179,2016,12,2.1
180,2017,1,2.5
181,2017,2,2.7
182,2017,3,2.4
183,2017,4,2.2
184,2017,5,1.9
185,2017,6,1.6
186,2017,7,1.7
187,2017,8,1.9
188,2017,9,2.2
189,2017,10,2.0
190,2017,11,2.2
191,2017,12,2.1
